0 0.13350877192982455 0.13315789473684211 0.22912280701754387 0.2249122807017544
0 0.38035087719298244 0.13421052631578947 0.22245614035087719 0.22912280701754387
0 0.6298245614035087 0.14035087719298245 0.2343859649122807 0.23017543859649123
0 0.8733333333333333 0.13982456140350877 0.22596491228070176 0.22912280701754387
0 0.13964912280701755 0.38421052631578945 0.24982456140350878 0.21824561403508771
0 0.37701754385964914 0.39087719298245616 0.2424561403508772 0.22035087719298246
0 0.6336842105263157 0.3824561403508772 0.23578947368421052 0.23017543859649123
0 0.8814035087719299 0.38263157894736843 0.2336842105263158 0.23473684210526316
0 0.12929824561403508 0.6282456140350877 0.2424561403508772 0.23473684210526316
0 0.3836842105263158 0.6308771929824561 0.24035087719298245 0.23789473684210527
0 0.6314035087719299 0.625438596491228 0.2249122807017544 0.23333333333333334
0 0.8791228070175439 0.6329824561403509 0.24175438596491228 0.23578947368421052
0 0.13105263157894737 0.8742105263157894 0.23684210526315788 0.22701754385964912
0 0.3880701754385965 0.8803508771929824 0.24 0.2343859649122807
0 0.6319298245614036 0.8747368421052631 0.22596491228070176 0.22807017543859648
0 0.8778947368421053 0.8764912280701754 0.24421052631578946 0.22245614035087719