0 0.345389507154213 0.6472429210134129 0.13751987281399047 0.6172876304023845
0 0.6416931637519873 0.650521609538003 0.1192368839427663 0.6459016393442623
0 0.15470985691573927 0.36065573770491804 0.06100953895071542 0.335618479880775
0 0.8164745627980922 0.5202682563338301 0.11705087440381558 0.40268256333830105
0 0.559220985691574 0.32220566318926974 0.06915739268680444 0.16572280178837556
0 0.24085850556438793 0.38837555886736214 0.08306836248012718 0.1812220566318927
0 0.2957074721780604 0.25365126676602084 0.10731319554848967 0.16572280178837556
0 0.3832472178060413 0.24709388971684054 0.08684419713831479 0.09955290611028315
0 0.41246025437201905 0.3751117734724292 0.09201112877583466 0.18748137108792848
0 0.6596780604133545 0.28017883755588674 0.12301271860095389 0.1633383010432191
0 0.8307829888712241 0.2515648286140089 0.0737281399046105 0.14783904619970195
0 0.4940381558028617 0.25916542473919524 0.08306836248012718 0.11475409836065574