0 0.16629464285714285 0.6818783068783069 0.047371031746031744 0.12698412698412698
0 0.5911458333333334 0.7309854497354498 0.035962301587301584 0.08630952380952381
0 0.33283730158730157 0.6861772486772487 0.039186507936507936 0.12698412698412698
0 0.39025297619047616 0.6087962962962963 0.035962301587301584 0.08333333333333333
0 0.6547619047619048 0.638723544973545 0.022321428571428572 0.1001984126984127
0 0.22358630952380953 0.6909722222222222 0.02554563492063492 0.14715608465608465
0 0.7403273809523809 0.6344246031746031 0.028769841269841268 0.11078042328042328
0 0.9047619047619048 0.6162367724867724 0.040674603174603176 0.0744047619047619
0 0.41393849206349204 0.8892195767195767 0.07837301587301587 0.207010582010582
0 0.44233630952380953 0.6456679894179894 0.03298611111111111 0.105489417989418
0 0.27157738095238093 0.6881613756613757 0.030257936507936508 0.10978835978835978
0 0.5476190476190477 0.7080026455026455 0.041666666666666664 0.13425925925925927
0 0.6943204365079365 0.7470238095238095 0.035962301587301584 0.14616402116402116