0 0.81779 0.856653 0.169601 0.280126
0 0.198034 0.858536 0.18453 0.27698
0 0.321511 0.839487 0.134801 0.310188
0 0.0450515 0.8645 0.0898815 0.265301
0 0.464938 0.834037 0.0899613 0.327103
24 0.471421 0.804602 0.0645993 0.145606
0 0.107083 0.816823 0.0944076 0.335363
25 0.0706198 0.542774 0.140985 0.201435
0 0.563774 0.722639 0.0565044 0.169427
0 0.638032 0.811434 0.173282 0.371572
0 0.656053 0.747932 0.132236 0.239553
0 0.631161 0.898408 0.160463 0.198307
0 0.553104 0.896206 0.0537489 0.203433
