0 0.120663 0.587098 0.132647 0.815591
0 0.329099 0.634566 0.15311 0.729152
0 0.464961 0.696427 0.179589 0.596451
0 0.213018 0.673121 0.101494 0.651527
0 0.0330017 0.69723 0.065959 0.574396
0 0.518589 0.533836 0.0678068 0.394147
0 0.74895 0.641327 0.107586 0.297782
0 0.571582 0.482843 0.0484761 0.301452
0 0.810778 0.851075 0.161587 0.283436
0 0.633779 0.738516 0.0997395 0.398665
0 0.400948 0.419606 0.0662662 0.245694
0 0.744419 0.703859 0.115159 0.423985
0 0.791911 0.527399 0.0797769 0.391737
0 0.609415 0.500992 0.0599238 0.333535
