0 0.858487 0.878417 0.148313 0.243166
0 0.572743 0.91687 0.0667085 0.16626
0 0.504407 0.905215 0.0546654 0.18957
0 0.445326 0.900994 0.0515993 0.198012
0 0.690599 0.917329 0.107635 0.164757
0 0.621918 0.915532 0.0527523 0.168936
0 0.23409 0.918483 0.0763065 0.163034
0 0.0421721 0.939063 0.0838902 0.121874
0 0.336417 0.882045 0.0376921 0.17204
26 0.90348 0.935475 0.0584091 0.12905
0 0.980809 0.910845 0.0378856 0.178311
0 0.654893 0.848904 0.036051 0.134963
0 0.76322 0.915657 0.0591568 0.168064
0 0.151635 0.952742 0.0756156 0.094516
0 0.294142 0.915307 0.0626897 0.169326
26 0.229838 0.947606 0.0490409 0.101609
0 0.134332 0.922674 0.071381 0.153227
25 0.434239 0.733466 0.0691642 0.0467957
