0 0.142222 0.75329 0.0183806 0.0258932
0 0.283379 0.958515 0.0264496 0.0381523
0 0.872829 0.922598 0.0245897 0.0470672
0 0.910867 0.973666 0.025106 0.0518394
0 0.138159 0.873204 0.0224229 0.0478679
0 0.165174 0.864555 0.0181981 0.0320118
0 0.398298 0.784296 0.0198045 0.0307467
0 0.118532 0.987242 0.0391751 0.0246181
0 0.495261 0.915896 0.0268554 0.0317022
0 0.588347 0.820637 0.0167276 0.036494
0 0.260473 0.945623 0.0223522 0.0501522
0 0.197618 0.864514 0.0244517 0.0374211
0 0.490738 0.795312 0.0176748 0.0379493
