0 0.454189 0.761771 0.155125 0.45163
0 0.649305 0.749972 0.0984142 0.428737
0 0.883816 0.724013 0.127543 0.426845
0 0.729908 0.732283 0.0847747 0.423956
0 0.553436 0.720454 0.0626473 0.381607
0 0.935301 0.622207 0.0554985 0.122665
0 0.217069 0.580956 0.126857 0.165305
0 0.758962 0.731295 0.0461105 0.363448
0 0.516938 0.736603 0.0461138 0.368852
0 0.0733129 0.599239 0.0488074 0.126082
0 0.982092 0.620266 0.0353115 0.120294
26 0.518112 0.667283 0.0393987 0.120939
25 0.0624305 0.508988 0.124861 0.0693651
0 0.81621 0.742108 0.0565983 0.344255
0 0.594878 0.718074 0.0374325 0.30046
26 0.704597 0.742132 0.0284108 0.111549
0 0.0136468 0.578734 0.0270566 0.106412
