0 0.264498 0.771887 0.168433 0.436243
0 0.875624 0.762756 0.247509 0.455745
0 0.747512 0.794787 0.175183 0.395028
67 0.502344 0.56463 0.0679215 0.170125
0 0.468164 0.746046 0.437767 0.489814
0 0.970216 0.718432 0.0591592 0.342724
0 0.624119 0.65233 0.122132 0.280635
67 0.435808 0.575095 0.073825 0.191734
0 0.0780523 0.794378 0.156105 0.395019
0 0.702591 0.569453 0.0813679 0.11682
0 0.0326593 0.664369 0.0650247 0.225093
0 0.575399 0.826034 0.21527 0.331659
0 0.473414 0.879211 0.271938 0.228307
0 0.903231 0.661378 0.125832 0.252105
0 0.784674 0.594105 0.0661609 0.108423
