0 0.331357 0.504724 0.0161268 0.0590151
0 0.890847 0.605078 0.0183472 0.0540453
0 0.913034 0.612514 0.0170272 0.0504944
0 0.526057 0.535143 0.0153578 0.0524375
0 0.471352 0.52532 0.0159155 0.0529184
0 0.550278 0.543057 0.0146935 0.0442244
0 0.583988 0.547485 0.0158283 0.0472655
0 0.739538 0.575779 0.0145697 0.0449109
0 0.356952 0.510327 0.0156363 0.0497024
0 0.497986 0.528873 0.0147644 0.0521667
0 0.407062 0.514757 0.0167064 0.0539914
0 0.608308 0.548285 0.0173153 0.0486773
0 0.384071 0.513744 0.0172048 0.0468817
0 0.671407 0.560213 0.018647 0.0480814
0 0.857386 0.598365 0.0186848 0.052073
0 0.428679 0.517488 0.0181616 0.050537
0 0.829834 0.597907 0.0183468 0.0458688
0 0.639063 0.556859 0.0173659 0.0446063
